stationID,w,h,latScale,longtScale,startLat,startLongt,endLat,endLongt
Z9002,480,480,0.008983152841195214,0.010488261510066387,33.22158464015676,118.44052279313964,28.918654429224258,123.46440005646143
Z9010,480,480,0.008983152841195214,0.011694008746387322,41.95586241793454,113.6651045675337,37.65293220700204,119.26653475705324
Z9020,480,480,0.008983152841195214,0.012827907027232393,47.69733741793455,116.56626064679756,43.39440720700204,122.71082811284188
Z9021,480,480,0.008983152841195214,0.013855917009609161,51.73145686237899,114.00141880658269,47.42852665144649,120.63840305418547
Z9060,480,480,0.008983152841195214,0.010550128544766066,33.77469575126788,107.80490526036725,29.47176554033537,112.85841683331019
Z9070,512,512,0.004491576420597607,0.004728873290041967,19.37330198725239,108.38148065997147,17.078106436327012,110.79793491118292
Z9071,512,512,0.004491576420597607,0.004692656672921893,17.97891587614128,111.131954891732,15.683720325215901,113.52990245159508
Z9080,512,512,0.005389891704717128,0.007541532887164163,45.75625849581398,82.1717648031082,43.00202383470353,86.02548810844908
Z9081,512,512,0.005389891704717128,0.0075116837483686335,45.5231307180362,85.63105618263985,42.76889605692575,89.46952657805622
Z9082,512,512,0.005389891704717128,0.007022771609616088,41.245591829147315,77.28795380127161,38.49135716803686,80.87659009378542
Z9083,512,512,0.005389891704717128,0.007599803870600134,46.20337516248065,80.40351132023748,43.449140501370195,84.28701109811415
Z9084,512,512,0.005389891704717128,0.008193873159039092,50.24247238470287,123.19541013795266,47.48823772359242,127.38247932222164
Z9085,512,512,0.005389891704717128,0.007943015232091509,48.64242516248064,130.59330476725125,45.88819050137019,134.65218555085002
Z9090,480,480,0.008983152841195214,0.010458471434203151,32.94969852904566,106.17346685579125,28.64676831811315,111.18307467277457
Z9091,512,512,0.004491576420597607,0.0051653102547842035,30.737146431696832,107.40474446366413,28.441950880771454,110.04421800385886
Z9092,480,480,0.008983152841195214,0.010294946419359097,31.387254084601214,103.36222397046492,27.084323873668705,108.29350330533794
Z9200,480,480,0.008983152841195214,0.009759242591589834,25.151140195712323,111.013337333574,20.848209984779814,115.68801453494552
Z9210,480,480,0.008983152841195214,0.010480841234398682,33.154206862378985,119.36715921485542,28.85127665144648,124.38748216613239
Z9220,480,480,0.008983152841195214,0.011566313545751427,41.190726306823436,114.9424291934641,36.88779609589093,120.48269338187903
Z9230,480,480,0.008983152841195214,0.010323544787075698,31.6695429734901,104.01141036221294,27.36661276255759,108.9563883152222
Z9240,512,512,0.004491576420597607,0.006036739737578395,43.06863532058572,122.10399184940216,40.77343976966034,125.18876585530472
Z9250,480,480,0.008983152841195214,0.010614961352803104,34.338412417934535,116.14943705310503,30.03548220700203,121.23400354109772
Z9270,480,480,0.008983152841195214,0.010427583384737728,32.66382630682344,111.87540498766293,28.360896095890926,116.87021742895232
Z9280,512,512,0.005389891704717128,0.006266015026930412,32.037786273591756,102.41189737532804,29.283551612481304,105.61383105408947
Z9290,480,480,0.008983152841195214,0.010892999254471122,36.591709640156765,106.35784406781582,32.288779429224256,111.57559071070749
Z9311,480,480,0.008983152841195214,0.011454858539650583,40.498187417934545,111.96260339492831,36.195257207002044,117.44948063542093
Z9313,480,480,0.008983152841195214,0.011931005328597777,43.302579084601206,111.83019205446988,38.999648873668704,117.54514360686821
Z9314,480,480,0.008983152841195214,0.01189811454343285,43.121042973490106,115.06389417624278,38.8181127625576,120.76309104254712
Z9317,480,480,0.008983152841195214,0.011443524831367832,40.42640964015676,114.05890404047173,36.12347942922426,119.54035243469691
Z9335,480,480,0.008983152841195214,0.01170630192611306,42.02800130682344,116.07130420439952,37.72507109589093,121.67862282700769
Z9351,512,512,0.005389891704717128,0.006815328577559559,39.109555718036205,110.8346564397003,36.35532105692575,114.31728934283323
Z9352,480,480,0.008983152841195214,0.011739083146507004,42.21910408460121,110.57292004483833,37.91617387366871,116.19594087201519
Z9355,512,512,0.005389891704717128,0.006681291929950863,37.59831127359176,111.34342815482147,34.84407661248131,114.75756833102636
Z9357,512,512,0.005389891704717128,0.006667549715657803,37.43679182914731,109.78736005056938,34.68255716803686,113.19447795527051
Z9358,480,480,0.008983152841195214,0.01132698688964763,39.67314019571232,108.42113147981792,35.37020998477982,113.84675819995913
Z9370,480,480,0.008983152841195214,0.010888811100291346,36.559565195712324,113.01890755815229,32.256634984779815,118.23464807519184
Z9371,480,480,0.008983152841195214,0.010927081322668182,36.851412417934554,111.07492270478187,32.548482207002046,116.30899465833993
Z9377,480,480,0.008983152841195214,0.010713688621834075,35.16761241793455,109.92173973075982,30.864682207002037,115.05359658061835
Z9379,480,480,0.008983152841195214,0.01090835611672094,36.70914019571232,109.83132786532032,32.406209984779814,115.05643044522965
Z9393,480,480,0.008983152841195214,0.011072384907141358,37.92270964015677,112.28716095561941,33.61977942922426,117.59083332614013
Z9396,480,480,0.008983152841195214,0.01071230831773678,35.156251306823435,111.4488543370765,30.853321095890923,116.58005002127243
Z9398,480,480,0.008983152841195214,0.01092369566175404,36.82576241793454,108.50787970784569,32.52283220700204,113.74032992982588
Z9411,480,480,0.008983152841195214,0.01154423942820355,41.05544852904565,118.87778531500894,36.75251831811315,124.40747600111844
Z9417,480,480,0.008983152841195214,0.011844314505105579,42.82047352904566,119.42997562988576,38.51754331811315,125.10340227783134
Z9421,512,512,0.004491576420597607,0.006000387008512314,42.6806130983635,118.96400092582086,40.385417547438124,122.03019868717064
Z9431,512,512,0.005389891704717128,0.007480152723307964,45.27376682914731,123.33173368061094,42.51953216803686,127.15409172222131
Z9433,512,512,0.005389891704717128,0.007350530602793658,44.213552940258424,127.59111138790703,41.45931827914797,131.3472325259346
Z9436,512,512,0.005389891704717128,0.007705550617921027,46.988986273591756,120.82352626403443,44.234751612481304,124.76106262979208
Z9437,512,512,0.005389891704717128,0.007320196032499911,43.9568807180362,124.03578537123559,41.20264605692575,127.77640554384304
Z9439,512,512,0.005389891704717128,0.007249534518385602,43.34562238470287,124.34215527440439,40.59138772359242,128.04666741329945
Z9451,480,480,0.008983152841195214,0.012867753599225786,47.87112630682344,123.63971413618582,43.56819609589093,129.80336811021496
Z9452,512,512,0.005389891704717128,0.007957868711206456,48.74114182914731,121.89732172104226,45.98690716803686,125.96379263246877
Z9453,512,512,0.005389891704717128,0.0075686588570578585,45.96569460692509,127.66191222148207,43.21145994581464,131.52949689743863
Z9454,512,512,0.005389891704717128,0.007873088905817501,48.17051405136953,128.30240868455516,45.41627939025908,132.3255571154279
Z9456,512,512,0.005389891704717128,0.00841672302746765,51.554344606925085,125.15929390496828,48.80010994581463,129.46023937200425
Z9457,512,512,0.005389891704717128,0.008457277321312127,51.783036273591755,121.9527481168552,49.0288016124813,126.2744168280457
Z9458,512,512,0.005389891704717128,0.008008628096608317,49.074569606925095,126.86429954060162,46.32033494581464,130.95670849796846
Z9470,512,512,0.004491576420597607,0.00687448037714864,50.349213098363506,117.99226913456106,48.05401754743813,121.50512860728402
Z9471,512,512,0.004491576420597607,0.005949769053237605,42.1273130983635,110.17670356681562,39.83211754743812,113.21703555302004
Z9475,480,480,0.008983152841195214,0.012408835753050046,45.76690130682343,119.2826905303791,41.463971095890926,125.22652285609007
Z9476,512,512,0.004491576420597607,0.006066241761414813,43.37801032058572,117.41379210907782,41.082814769660345,120.51364164916079
Z9477,480,480,0.008983152841195214,0.011694807376864267,41.96055686237899,107.2339295628859,37.657626651446485,112.8357422964039
Z9478,512,512,0.004491576420597607,0.005927586159866656,41.87987976503017,105.85164627640746,39.58468421410479,108.88064280409932
Z9513,480,480,0.017966305682390427,0.021203135126391496,36.37021650253576,115.8868531252216,27.764356080670748,126.04315485076313
Z9515,480,480,0.017966305682390427,0.021528029397102792,37.72450816920242,115.032664611362,29.11864774733741,125.34459069257424
Z9516,480,480,0.008983152841195214,0.01087331308319794,36.44017075126787,114.54194930447694,32.13724054033537,119.75026627132877
Z9517,480,480,0.008983152841195214,0.01074088086537784,35.390134640156774,116.24839414786487,31.08720442922426,121.39327608238085
Z9518,480,480,0.017966305682390427,0.02183989671110991,38.94430816920242,114.0540525671114,30.33844774733741,124.51536309173305
Z9519,480,480,0.008983152841195214,0.01058127000690183,34.0474429734901,117.24064242056579,29.74451276255759,122.30907075387177
Z9523,480,480,0.008983152841195214,0.010658093924297587,34.70488186237898,117.43625745816858,30.401951651446478,122.54148444790712
Z9531,480,480,0.008983152841195214,0.011219175115839905,38.95032075126788,114.08930352775397,34.64739054033537,119.4632884082413
Z9532,480,480,0.008983152841195214,0.011102193033578442,38.13564575126787,117.56573478305229,33.83271554033537,122.88368524613637
Z9535,480,480,0.008983152841195214,0.011322827221528673,39.645726306823434,118.67185202238868,35.34279609589093,124.09548626150091
Z9536,480,480,0.008983152841195214,0.011198575797335984,38.80922352904565,116.22354736419491,34.50629331811315,121.58766517111886
Z9538,512,512,0.004491576420597607,0.005570033656125943,37.40139087614128,115.67987416180952,35.1061953252159,118.52616136008989
Z9539,512,512,0.004491576420597607,0.005486624723969932,36.19636032058572,116.94393240399702,33.90116476966034,119.74759763794566
Z9543,480,480,0.008983152841195214,0.011302846006466414,39.513520751267876,115.28872806955917,35.210590540335374,120.70279130665658
Z9551,480,480,0.008983152841195214,0.010577311002223947,34.01297352904565,114.70131758168847,29.710043318113147,119.76784955175374
Z9552,480,480,0.008983152841195214,0.010701219921296136,35.064751306823425,114.87670721888894,30.76182109589092,120.00259156118979
Z9555,512,512,0.005389891704717128,0.006335129109048047,33.0762557180362,116.89429028141703,30.32202105692575,120.13154125614058
Z9556,480,480,0.008983152841195214,0.010438347800447998,32.7639179734901,114.28646319455915,28.460987762557593,119.28643179097374
Z9558,480,480,0.008983152841195214,0.010696421826323771,35.025029084601215,113.17285876168229,30.722098873668703,118.29644481649137
Z9559,480,480,0.008983152841195214,0.010386980973684597,32.281695751267875,115.67101345520459,27.97876554033537,120.6463773415995
Z9562,480,480,0.008983152841195214,0.010474862321493274,33.099751306823435,115.5199219317305,28.796821095890923,120.53738098372577
Z9570,480,480,0.008983152841195214,0.010279410920240891,31.232195751267877,116.23542193469774,26.92926554033537,121.15925976549313
Z9571,480,480,0.008983152841195214,0.010391474369693095,32.32434852904566,117.78940170682921,28.02141831811315,122.76691792991221
Z9572,480,480,0.008983152841195214,0.010462299978005808,32.98484852904566,117.69407300527861,28.681918318113148,122.7055146947434
Z9574,480,480,0.017966305682390427,0.020760331111404982,34.36379983586909,116.52689275548502,25.757939414004078,126.47109135784801
Z9576,480,480,0.008983152841195214,0.010233345806484436,30.765104084601212,119.06624145088817,26.462173873668704,123.96801409219422
Z9577,480,480,0.017966305682390427,0.02032839726678878,32.18932761364687,115.86668743374847,23.583467191781853,125.6039897245403
Z9579,480,480,0.008983152841195214,0.010292788627484851,31.36579019571232,117.17470295162586,27.062859984779813,122.1049487041911
Z9580,480,480,0.017966305682390427,0.020760123663233314,34.362810946980204,117.12674254304622,25.756950525115187,127.07084177773497
Z9591,480,480,0.017966305682390427,0.019987881630973772,30.2853359469802,114.74346396412184,21.679475525115187,124.31765926535829
Z9592,480,480,0.017966305682390427,0.01974163508564516,28.778669280313537,113.34200757944515,20.172808858448523,122.7982507854692
Z9595,480,480,0.017966305682390427,0.01980682146180234,29.189502613646866,113.74386284916744,20.583642191781852,123.23133032937076
Z9597,480,480,0.008983152841195214,0.009917042601414355,27.21169575126788,114.80657644232723,22.90876554033537,119.55683984840469
Z9598,480,480,0.008983152841195214,0.010082825278567598,29.155862417934546,114.66067748869932,24.852932207002038,119.4903507971332
Z9599,480,480,0.008983152841195214,0.010113670289637295,29.49669575126788,115.67466357493149,25.19376554033537,120.51911164366776
Z9631,480,480,0.008983152841195214,0.011270414566088138,39.29707908460121,119.67250050413884,34.994148873668706,125.07102908129507
Z9660,480,480,0.017966305682390427,0.019491747198724586,27.112280391424644,110.67781400563942,18.50641996955963,120.0143609138285
Z9662,480,480,0.017966305682390427,0.019356312340321025,26.139780391424644,107.33392948276739,17.53391996955963,116.60560309378117
Z9692,512,512,0.005389891704717128,0.005922707745935982,25.86375849581398,96.82825070592926,23.109523834703527,99.85475436410256
Z9710,480,480,0.008983152841195214,0.010615933143205398,34.346742973490095,109.66533715674183,30.04381276255759,114.75036913233721
Z9716,480,480,0.008983152841195214,0.010409990278920441,32.499148529045655,109.64974955528133,28.19621831811315,114.63613489888422
Z9717,480,480,0.008983152841195214,0.010447506734524024,32.84868741793454,108.78913449482535,28.545757207002037,113.79349022066235
Z9718,480,480,0.008983152841195214,0.010403001521043957,32.43335130682344,106.76209352383835,28.130421095890927,111.7451312524184
Z9719,480,480,0.008983152841195214,0.010662996284518889,34.74611519571232,108.18428089171546,30.443184984779815,113.291856112
Z9722,480,480,0.008983152841195214,0.010560249848735293,33.86374852904565,110.8527455918591,29.560818318113146,115.91110526940331
Z9730,480,480,0.008983152841195214,0.010300918184382215,31.44653464015677,110.63080741352604,27.14360442922426,115.56494722384512
Z9731,480,480,0.008983152841195214,0.010217984517381968,30.606837417934543,110.5621864936061,26.303907207002034,115.45660107743207
Z9735,480,480,0.008983152841195214,0.00997220974519623,27.881084640156768,110.58152799448624,23.57815442922426,115.35821646243522
Z9736,480,480,0.008983152841195214,0.010288417147544717,31.32223464015677,109.2347632179226,27.01930442922426,114.16291503159653
Z9739,480,480,0.008983152841195214,0.01010071006015427,29.354220751267878,109.02166569667409,25.05129054033537,113.85990581548799
Z9745,480,480,0.008983152841195214,0.010133506089578677,29.712740195712325,107.57088353850112,25.409809984779816,112.42483295540931
Z9746,480,480,0.008983152841195214,0.010013973390225691,28.372473529045653,109.21328249745694,24.069543318113144,114.00997575137505
Z9751,480,480,0.008983152841195214,0.009895078216235819,26.938362417934545,111.19129233921451,22.635432207002037,115.93103480479148
Z9753,480,480,0.008983152841195214,0.00985297242093744,26.402826306823435,113.61007550786391,22.099896095890927,118.32964929749295
Z9754,480,480,0.017966305682390427,0.019559045484502446,27.576380391424646,112.04775130594165,18.970519969559632,121.41653409301831
Z9755,480,480,0.017966305682390427,0.019452414695782606,26.8353359469802,109.33669825078995,18.229475525115188,118.65440489006983
Z9758,480,480,0.017966305682390427,0.019507515722748572,27.222108169202425,107.88141011542922,18.61624774733741,117.2255101466258
Z9759,480,480,0.017966305682390427,0.019246130633028616,25.30644705809131,105.90703975918424,16.700586636226298,115.12593633240495
Z9762,480,480,0.008983152841195214,0.009810465599113655,25.845862417934544,112.24021047843495,21.542932207002035,116.93942350041038
Z9763,480,480,0.008983152841195214,0.00989033411175311,26.8787929734901,110.02847536873482,22.57586276255759,114.76594540826456
Z9770,480,480,0.017966305682390427,0.019314325889200845,25.826966502535758,103.6299478977029,17.221106080670744,112.88150999863012
Z9771,480,480,0.008983152841195214,0.009744840081777091,24.950859640156768,106.06576338037351,20.64792942922426,110.73354177954474
Z9772,480,480,0.008983152841195214,0.00986084867924737,26.504192973490103,107.0898379836473,22.201262762557594,111.81318450100679
Z9773,480,480,0.008983152841195214,0.00993810844813979,27.47013464015677,107.9177484168909,23.16720442922426,112.67810236354985
Z9774,480,480,0.008983152841195214,0.009794095015139125,25.62672908460121,108.95368664081106,21.3237988736687,113.64505815306269
Z9775,480,480,0.008983152841195214,0.009733640837667234,24.793551306823435,107.88531786562652,20.490621095890926,112.54773182686912
Z9776,480,480,0.008983152841195214,0.009825966204542007,26.05094019571232,104.24500144424324,21.748009984779813,108.95163925621885
Z9778,480,480,0.008983152841195214,0.009910944657739307,27.136212417934544,105.12976494880924,22.833282207002036,109.87710743986636
Z9779,480,480,0.008983152841195214,0.009651973076015442,23.601779084601212,106.73554035064518,19.298848873668703,111.35883545405657
Z9791,480,480,0.008983152841195214,0.010230502320092549,30.73590408460121,113.44601277651113,26.4329738736687,118.34642338783546
Z9792,480,480,0.008983152841195214,0.010324874225235803,31.6825679734901,113.47638851927674,27.379637762557593,118.42200327316469
Z9793,480,480,0.008983152841195214,0.010216342954326618,30.589848529045657,115.52562491318383,26.28691831811315,120.41925318830629
Z9794,480,480,0.008983152841195214,0.010164069251582529,30.040976306823435,113.82284282406464,25.738046095890926,118.69143199557267
Z9795,480,480,0.008983152841195214,0.010155060462614001,29.944801306823436,111.8733160445282,25.641871095890927,116.7375900061203
Z9796,512,512,0.005389891704717128,0.0060515214230368155,28.417214051369537,113.36481051570257,25.662979390259085,116.45713796287438
Z9797,512,512,0.005389891704717128,0.0059906684205742215,27.25384738470287,113.43611943988856,24.499612723592417,116.49735100280198
Z9798,480,480,0.008983152841195214,0.010307128026683604,31.507990195712324,114.74081982915149,27.205059984779815,119.67793415393294
Z9816,512,512,0.005389891704717128,0.006318233017418133,32.827314051369534,103.14780734754096,30.073079390259082,106.37642441944163
Z9817,512,512,0.005389891704717128,0.006276333307166976,32.19628905136953,104.4709781178097,29.44205439025908,107.67818443777202
Z9818,512,512,0.004491576420597607,0.00524913997566122,32.31057420947461,106.19013961067516,30.01537865854923,108.87245013823805
Z9831,512,512,0.004491576420597607,0.005126582315938919,29.965804765030168,103.27298381600852,27.67060921410479,105.89266737945331
Z9833,512,512,0.004491576420597607,0.005156173404982613,30.557868653919055,102.50178071943556,28.262673102993677,105.13658532938167
Z9834,512,512,0.004491576420597607,0.005081360470064571,29.024990876141278,101.10983283077458,26.7297953252159,103.70640803097757
Z9839,512,512,0.004491576420597607,0.005320035296907046,33.5509380983635,104.46089318621401,31.255742547438125,107.17943122293352
Z9851,512,512,0.004491576420597607,0.005022788923023111,27.73443532058572,105.44211881348386,25.439239769660343,108.00876395314867
Z9852,512,512,0.004491576420597607,0.0050721528615886155,28.8277380983635,105.61451497854442,26.532542547438123,108.20638509081621
Z9854,512,512,0.005389891704717128,0.006013431078538868,27.697372384702867,105.97556719944961,24.943137723592415,109.04843048058297
Z9855,512,512,0.005389891704717128,0.006047251642901027,28.3378557180362,107.14044802386178,25.583621056925747,110.2305936133842
Z9856,512,512,0.004491576420597607,0.00507866349793524,28.967421431696835,107.91808158897302,26.672225880771457,110.51327863641794
Z9857,512,512,0.004491576420597607,0.005054760108839067,28.44956587614128,104.00698418991497,26.1543703252159,106.58996660553173
Z9859,512,512,0.004491576420597607,0.004959472376214781,26.233557542807944,103.6270639605779,23.938361991882566,106.16135434482366
Z9870,512,512,0.005389891704717128,0.006068350092097553,28.72684460692509,102.16634126531191,25.97260994581464,105.26726816237377
Z9871,512,512,0.005389891704717128,0.005949591951674716,26.42609460692509,101.05533779370461,23.67185994581464,104.09557928101039
Z9872,512,512,0.005389891704717128,0.0059770224652466244,26.98288627359176,98.86783502667465,24.228651612481308,101.92209350641568
Z9876,512,512,0.005389891704717128,0.005876322866813708,24.85116682914731,102.74604190165124,22.096932168036858,105.74884288659305
Z9879,512,512,0.005389891704717128,0.005847808331396311,24.19937238470287,99.52288606716255,21.445137723592417,102.51111612450606
Z9888,512,512,0.005389891704717128,0.006034681191863319,28.102297384702865,98.49798272599409,25.348062723592413,101.58170481503626
Z9891,512,512,0.004491576420597607,0.005168791878247833,30.805035320585723,89.81077539027967,28.509839769660346,92.4520280400643
Z9892,512,512,0.004491576420597607,0.005148623210680681,30.408485320585722,87.57478301362131,28.113289769660344,90.20572947427914
Z9894,512,512,0.004491576420597607,0.005167410193172951,30.778121431696835,93.07338743499217,28.482925880771457,95.71393404370355
Z9896,512,512,0.004491576420597607,0.0052667366235407175,32.62566587614128,90.71284042437358,30.3304703252159,93.40414283900289
Z9898,480,480,0.008983152841195214,0.009559445226902082,22.14324575126788,107.9514720344324,17.84031554033537,112.53044629811849
Z9903,512,512,0.005389891704717128,0.006751271281900101,38.40139460692509,78.10388844072246,35.647159945814636,81.55378806577342
Z9911,480,480,0.008983152841195214,0.011190935229563171,38.75663741793454,106.80261721157152,34.45370720700204,112.16307518653227
Z9912,480,480,0.008983152841195214,0.011441936345291706,40.416329084601216,107.03401027713,36.11339887366871,112.51469778652472
Z9914,480,480,0.008983152841195214,0.010820882230698992,36.03094852904566,107.34473548685447,31.728018318113147,112.52793807535929
Z9915,480,480,0.008983152841195214,0.010674214450702465,34.84015408460121,106.48114686516475,30.537223873668697,111.59409558705121
Z9916,480,480,0.008983152841195214,0.010726960473047864,35.27652630682343,104.89982393091296,30.973596095890922,110.0380379975029
Z9917,480,480,0.008983152841195214,0.010905141159060609,36.684612417934545,104.62402445515879,32.38168220700204,109.84758707034882
Z9931,512,512,0.005389891704717128,0.006663023648496762,37.38331127359176,102.14648816820704,34.629076612481306,105.55129325258888
Z9934,512,512,0.004491576420597607,0.005532047119413618,36.8614630983635,106.21074038187454,34.56626754743812,109.0376164598949
Z9936,512,512,0.005389891704717128,0.0069440630214229115,40.46164460692509,98.49926431096017,37.70740994581464,102.04768051490728
Z9937,512,512,0.005389891704717128,0.0070119025083904074,41.13914460692509,96.50273073562984,38.38490994581464,100.08581291741734
Z9938,512,512,0.004491576420597607,0.005456825623998823,35.74785198725239,104.24027486247854,33.45265643632701,107.02871275634193
Z9941,512,512,0.004491576420597607,0.005477184852570665,36.055351987252386,101.48922956663081,33.76015643632701,104.28807102629442
Z9951,512,512,0.004491576420597607,0.005737622077589325,39.62502976503017,104.74604374813714,37.32983421410479,107.67796862978528
Z9953,480,480,0.008983152841195214,0.011408957732943535,40.205898529045655,103.46475569964912,35.902968318113146,108.92964645372906
Z9954,512,512,0.004491576420597607,0.0055283933806701425,36.8087630983635,104.78658129454845,34.51356754743812,107.61159031207089
Z9970,512,512,0.004491576420597607,0.005620397673009761,38.095738098363505,99.46690041793173,35.80054254743813,102.33892362883971
Z9971,512,512,0.004491576420597607,0.005594718083790919,37.74468254280795,100.34609105943841,35.44948699188257,103.20499200025557
Z9990,512,512,0.005389891704717128,0.007685750381273104,46.844333495813984,82.99626179128298,44.09009883470353,86.92368023611354
Z9991,512,512,0.005389891704717128,0.007482263898357907,45.290564051369536,85.4772015531315,42.536329390259084,89.30063840519239
Z9993,512,512,0.005389891704717128,0.007529312846336475,45.66115849581398,84.04746257800454,42.90692383470353,87.89494144248248
Z9996,512,512,0.005389891704717128,0.007225612510457012,43.13430294025842,84.35375430843412,40.38006827914797,88.04604230127765
Z9997,512,512,0.005389891704717128,0.007159468834694664,42.53795294025842,78.40212875609595,39.78371827914797,82.06061733062492
Z9998,512,512,0.005389891704717128,0.0069810744332273285,40.83410849581398,74.24025327842713,38.07987383470353,77.8075823138063
Z9999,512,512,0.005389891704717128,0.0074855388509581485,45.316591829147306,79.40882427637693,42.562357168036854,83.23393462921655
